# X Y Heading(rad)
0.723600 -0.329890 -0.144860
0.772286 -0.336992 -0.314456
0.819964 -0.352500 -0.244893
0.868575 -0.364648 -0.291557
0.916504 -0.379032 0.354314
0.953493 -0.365349 0.985004
0.981216 -0.323564 -0.018815
1.027584 -0.324437 -0.340486
1.074725 -0.341138 -0.444846
1.119949 -0.362697 -0.202159
1.168461 -0.372640 -0.109075
1.218308 -0.378098 -0.109075
1.268155 -0.383557 -0.109075
1.318002 -0.389016 -0.109075
1.367849 -0.394474 -0.109075
1.417696 -0.399933 -0.109075
1.467543 -0.405392 -0.109075
1.517390 -0.410851 -0.109075
1.567237 -0.416309 -0.109075
1.617083 -0.421768 -0.109075
1.666930 -0.427227 -0.109075
1.716777 -0.432685 -0.109075
1.766624 -0.438144 -0.207487
1.815643 -0.448463 -0.228484
1.864484 -0.459821 -0.228484
1.913326 -0.471179 -0.228484
1.962168 -0.482537 -0.228484
2.011009 -0.493895 -0.228484
2.059851 -0.505253 -0.228484
2.108693 -0.516610 -0.228484
2.157534 -0.527968 -0.228484
2.206376 -0.539326 -0.228484
2.255218 -0.550684 -0.228484
2.304059 -0.562042 -0.228484
2.352901 -0.573400 -0.228484
2.401743 -0.584758 -0.150338
2.451207 -0.592251 -0.091138
2.501144 -0.596814 -0.091138
2.551081 -0.601378 -0.091138
2.601018 -0.605942 -0.091138
2.650954 -0.610506 -0.091138
2.700891 -0.615070 -0.091138
2.750828 -0.619633 -0.091138
2.800765 -0.624197 -0.091138
2.850701 -0.628761 -0.091138
2.900638 -0.633325 -0.091138
2.950575 -0.637889 -0.091138
3.000512 -0.642452 -0.091138
3.050449 -0.647016 -0.078935
3.100436 -0.650970 -0.074203
3.150443 -0.654688 -0.074203
3.200450 -0.658405 -0.074203
3.250457 -0.662123 -0.074203
3.300463 -0.665840 -0.074203
3.350470 -0.669558 -0.074203
3.400477 -0.673275 -0.074203
3.450484 -0.676993 -0.074203
3.500491 -0.680710 -0.074203
3.550498 -0.684428 -0.074203
3.600505 -0.688145 -0.074203
3.650512 -0.691863 -0.074203
3.700519 -0.695580 -0.073861
3.750527 -0.699281 -0.073857
3.800535 -0.702981 -0.073857
3.850543 -0.706681 -0.073857
3.900551 -0.710381 -0.073857
3.950559 -0.714081 -0.073857
4.000568 -0.717782 -0.073857
4.050576 -0.721482 -0.073857
4.100584 -0.725182 -0.073857
4.150592 -0.728882 -0.073857
4.200600 -0.732582 -0.073857
4.250609 -0.736282 -0.073857
4.300617 -0.739983 -0.073857
4.350625 -0.743683 -0.240542
4.399315 -0.755626 -0.349885
4.446411 -0.772811 -0.494074
4.490496 -0.796557 -1.069696
4.512927 -0.837508 -1.318627
4.525438 -0.886067 -1.318627
4.537950 -0.934626 -1.318627
4.550461 -0.983185 -1.318627
4.562972 -1.031744 -1.371928
4.572878 -1.080895 -1.376696
4.582550 -1.130098 -1.376696
4.592222 -1.179301 -1.376696
4.601894 -1.228504 -1.376696
4.611566 -1.277708 -1.370023
4.621567 -1.326845 -1.369857
4.631575 -1.375981 -1.369857
4.641583 -1.425117 -1.369857
4.651592 -1.474253 -1.366984
4.661741 -1.523359 -1.349314
4.672757 -1.572279 -1.349314
4.683772 -1.621199 -1.349314
4.694788 -1.670119 -1.349314
4.705804 -1.719039 -1.323636
4.718069 -1.767650 -1.307834
4.731104 -1.816071 -1.307834
4.744139 -1.864492 -1.307834
4.757174 -1.912913 0.553973
4.783500 -1.896628 0.934871
4.813246 -1.856334 1.009585
4.839934 -1.813881 0.961642
4.868551 -1.772862 0.853780
4.901503 -1.735064 0.853772
4.934456 -1.697267 0.832991
4.968161 -1.660190 0.761293
5.004463 -1.625597 1.212213
5.021861 -1.579177 1.262242
5.037089 -1.531401 1.262242
5.052317 -1.483624 1.336098
5.063963 -1.434916 1.370938
5.073918 -1.385770 1.370938
5.083874 -1.336623 1.370938
5.093829 -1.287476 1.378111
5.103431 -1.238261 1.385864
5.112652 -1.188971 1.385864
5.121872 -1.139681 1.385864
5.131093 -1.090391 1.385864
5.140314 -1.041101 1.364188
5.150600 -0.992025 1.360673
5.161059 -0.942983 1.360673
5.171519 -0.893941 1.360673
5.181978 -0.844899 1.360673
5.192437 -0.795857 1.349925
5.203423 -0.746931 1.348314
5.214487 -0.698022 1.348314
5.225552 -0.649113 1.348314
5.236616 -0.600204 1.326068
5.248719 -0.551742 0.979850
5.276657 -0.510101 0.872828
5.307439 -0.473404 0.064067
5.357481 -0.470194 0.059437
5.407537 -0.467215 -0.303034
5.455094 -0.482084 -0.420132
5.500860 -0.502529 -0.377490
5.547461 -0.521007 -0.240096
5.596046 -0.532901 -0.581649
5.636857 -0.559735 -0.770381
5.672759 -0.594575 -0.859197
5.705506 -0.632551 -0.789635
5.740788 -0.668133 -0.788270
5.776128 -0.703676 -0.835627
5.809760 -0.740870 -0.669851
5.848807 -0.771795 -0.307659
5.892848 -0.785789 0.311729
5.940194 -0.770532 0.585856
5.981977 -0.742807 0.503780
6.025855 -0.718620 0.478302
6.070372 -0.695540 0.450979
6.115432 -0.673719 0.308938
6.163203 -0.658473 0.261808
6.211630 -0.645496 0.255527
6.260147 -0.632822 0.223709
6.308964 -0.621715 0.127435
6.358702 -0.615342 0.266405
6.407054 -0.602147 0.169847
6.456280 -0.593705 0.059069
6.506235 -0.590751 -0.060958
6.556287 -0.593806 -0.082320
6.606260 -0.597929 -0.007764
6.656197 -0.598317 0.097016
6.706106 -0.593459 0.064529
6.756146 -0.590226 0.015580
6.806230 -0.589445 -0.030033
6.856352 -0.590951 -0.030763
6.906473 -0.592494 -0.056921
6.956517 -0.595345 -0.086332
7.006476 -0.599669 -0.108218
7.056326 -0.605085 -0.071374
7.106239 -0.608653 0.034321
7.156354 -0.606933 0.102577
7.206165 -0.601805 0.143696
7.255793 -0.594624 0.192975
7.305003 -0.585009 0.205731
7.354081 -0.574767 0.249182
7.402677 -0.562400 0.258166
7.451156 -0.549599 0.275368
7.499412 -0.535965 0.239500
7.548089 -0.524078 0.198326
7.597251 -0.514198 0.197297
7.646423 -0.504369 0.196533
7.695603 -0.494577 0.196571
7.744782 -0.484783 0.196593
7.793961 -0.474989 0.095739
7.843737 -0.470208 0.040392
7.893841 -0.468184 0.042737
7.943940 -0.466041 0.044025
7.994036 -0.463834 0.028780
8.044157 -0.462391 0.018340
8.094293 -0.461472 0.018602
8.144429 -0.460539 0.018874
8.194565 -0.459593 0.019664
8.244700 -0.458607 0.021275
8.294834 -0.457540 0.114028
8.342643 -0.452065 0.949288
8.371840 -0.411297 0.949288
8.401038 -0.370529 0.949288
8.430235 -0.329761 0.779523
8.463473 -0.296911 -0.005589
8.513617 -0.297192 -0.005589
8.563761 -0.297472 0.842578
8.595155 -0.262266 0.977796
8.623178 -0.220683 0.977796
8.651202 -0.179099 0.977796
8.679225 -0.137516 0.975123
8.707360 -0.096007 0.972751
8.735593 -0.054566 0.972751
8.763826 -0.013124 0.972751
8.792059 0.028318 0.972018
8.820322 0.069739 0.967143
8.848787 0.111021 0.967143
8.877252 0.152304 0.967143
8.905717 0.193587 0.967143
8.934182 0.234869 0.526964
8.975238 0.258758 0.286005
9.023346 0.272905 0.286005
9.071454 0.287052 0.900069
9.102033 0.325591 0.960243
9.130782 0.366676 0.960243
9.159531 0.407761 0.960243
9.188280 0.448847 0.812547
9.220991 0.483384 0.128187
9.270725 0.489795 0.128187
9.320458 0.496205 0.107116
9.370298 0.501564 0.073003
9.420309 0.505222 0.073003
9.470320 0.508879 0.049526
9.520390 0.511361 0.026283
9.570518 0.512679 0.035509
9.620620 0.514459 0.081063
9.670601 0.518519 0.081063
