# X Y (meters, global frame)
0.723600 -0.329890
0.772286 -0.336992
0.819964 -0.352500
0.868575 -0.364648
0.916504 -0.379032
0.953493 -0.365349
0.981216 -0.323564
1.027584 -0.324437
1.074725 -0.341138
1.119949 -0.362697
1.168461 -0.372640
1.218308 -0.378098
1.268155 -0.383557
1.318002 -0.389016
1.367849 -0.394474
1.417696 -0.399933
1.467543 -0.405392
1.517390 -0.410851
1.567237 -0.416309
1.617083 -0.421768
1.666930 -0.427227
1.716777 -0.432685
1.766624 -0.438144
1.815643 -0.448463
1.864484 -0.459821
1.913326 -0.471179
1.962168 -0.482537
2.011009 -0.493895
2.059851 -0.505253
2.108693 -0.516610
2.157534 -0.527968
2.206376 -0.539326
2.255218 -0.550684
2.304059 -0.562042
2.352901 -0.573400
2.401743 -0.584758
2.451207 -0.592251
2.501144 -0.596814
2.551081 -0.601378
2.601018 -0.605942
2.650954 -0.610506
2.700891 -0.615070
2.750828 -0.619633
2.800765 -0.624197
2.850701 -0.628761
2.900638 -0.633325
2.950575 -0.637889
3.000512 -0.642452
3.050449 -0.647016
3.100436 -0.650970
3.150443 -0.654688
3.200450 -0.658405
3.250457 -0.662123
3.300463 -0.665840
3.350470 -0.669558
3.400477 -0.673275
3.450484 -0.676993
3.500491 -0.680710
3.550498 -0.684428
3.600505 -0.688145
3.650512 -0.691863
3.700519 -0.695580
3.750527 -0.699281
3.800535 -0.702981
3.850543 -0.706681
3.900551 -0.710381
3.950559 -0.714081
4.000568 -0.717782
4.050576 -0.721482
4.100584 -0.725182
4.150592 -0.728882
4.200600 -0.732582
4.250609 -0.736282
4.300617 -0.739983
4.350625 -0.743683
4.399315 -0.755626
4.446411 -0.772811
4.490496 -0.796557
4.512927 -0.837508
4.525438 -0.886067
4.537950 -0.934626
4.550461 -0.983185
4.562972 -1.031744
4.572878 -1.080895
4.582550 -1.130098
4.592222 -1.179301
4.601894 -1.228504
4.611566 -1.277708
4.621567 -1.326845
4.631575 -1.375981
4.641583 -1.425117
4.651592 -1.474253
4.661741 -1.523359
4.672757 -1.572279
4.683772 -1.621199
4.694788 -1.670119
4.705804 -1.719039
4.718069 -1.767650
4.731104 -1.816071
4.744139 -1.864492
4.757174 -1.912913
4.783500 -1.896628
4.813246 -1.856334
4.839934 -1.813881
4.868551 -1.772862
4.901503 -1.735064
4.934456 -1.697267
4.968161 -1.660190
5.004463 -1.625597
5.021861 -1.579177
5.037089 -1.531401
5.052317 -1.483624
5.063963 -1.434916
5.073918 -1.385770
5.083874 -1.336623
5.093829 -1.287476
5.103431 -1.238261
5.112652 -1.188971
5.121872 -1.139681
5.131093 -1.090391
5.140314 -1.041101
5.150600 -0.992025
5.161059 -0.942983
5.171519 -0.893941
5.181978 -0.844899
5.192437 -0.795857
5.203423 -0.746931
5.214487 -0.698022
5.225552 -0.649113
5.236616 -0.600204
5.248719 -0.551742
5.276657 -0.510101
5.307439 -0.473404
5.357481 -0.470194
5.407537 -0.467215
5.455094 -0.482084
5.500860 -0.502529
5.547461 -0.521007
5.596046 -0.532901
5.636857 -0.559735
5.672759 -0.594575
5.705506 -0.632551
5.740788 -0.668133
5.776128 -0.703676
5.809760 -0.740870
5.848807 -0.771795
5.892848 -0.785789
5.940194 -0.770532
5.981977 -0.742807
6.025855 -0.718620
6.070372 -0.695540
6.115432 -0.673719
6.163203 -0.658473
6.211630 -0.645496
6.260147 -0.632822
6.308964 -0.621715
6.358702 -0.615342
6.407054 -0.602147
6.456280 -0.593705
6.506235 -0.590751
6.556287 -0.593806
6.606260 -0.597929
6.656197 -0.598317
6.706106 -0.593459
6.756146 -0.590226
6.806230 -0.589445
6.856352 -0.590951
6.906473 -0.592494
6.956517 -0.595345
7.006476 -0.599669
7.056326 -0.605085
7.106239 -0.608653
7.156354 -0.606933
7.206165 -0.601805
7.255793 -0.594624
7.305003 -0.585009
7.354081 -0.574767
7.402677 -0.562400
7.451156 -0.549599
7.499412 -0.535965
7.548089 -0.524078
7.597251 -0.514198
7.646423 -0.504369
7.695603 -0.494577
7.744782 -0.484783
7.793961 -0.474989
7.843737 -0.470208
7.893841 -0.468184
7.943940 -0.466041
7.994036 -0.463834
8.044157 -0.462391
8.094293 -0.461472
8.144429 -0.460539
8.194565 -0.459593
8.244700 -0.458607
8.294834 -0.457540
8.342643 -0.452065
8.371840 -0.411297
8.401038 -0.370529
8.430235 -0.329761
8.463473 -0.296911
8.513617 -0.297192
8.563761 -0.297472
8.595155 -0.262266
8.623178 -0.220683
8.651202 -0.179099
8.679225 -0.137516
8.707360 -0.096007
8.735593 -0.054566
8.763826 -0.013124
8.792059 0.028318
8.820322 0.069739
8.848787 0.111021
8.877252 0.152304
8.905717 0.193587
8.934182 0.234869
8.975238 0.258758
9.023346 0.272905
9.071454 0.287052
9.102033 0.325591
9.130782 0.366676
9.159531 0.407761
9.188280 0.448847
9.220991 0.483384
9.270725 0.489795
9.320458 0.496205
9.370298 0.501564
9.420309 0.505222
9.470320 0.508879
9.520390 0.511361
9.570518 0.512679
9.620620 0.514459
9.670601 0.518519
